cmd: ./edge
events: Ir
fl=./csu/../csu/libc-start.c
fn=__libc_start_main@@GLIBC_2.34
128 2
134 3
135 7
138 1
139 2
142 3
143 2
144 11
145 4
242 13
311 3
312 3
337 6
340 2
343 2
350 2
352 2
360 4
fl=./csu/../sysdeps/nptl/libc_start_call_main.h
fn=(below main)
29 9
44 3
46 2
51 2
52 2
55 2
58 6
74 2
fl=./csu/./csu/init-first.c
fn=_init_first
46 6
51 2
55 5
61 1
62 1
63 2
71 2
72 3
fl=./ctype/./ctype/ctype-info.c
fn=__ctype_init
29 1
31 7
33 4
35 4
36 1
fl=./debug/../sysdeps/x86_64/multiarch/ifunc-memmove.h
fn=__memcpy_chk
56 2
57 3
60 3
61 2
74 2
77 2
85 2
93 2
96 5
fn=__memmove_chk
56 2
57 3
60 3
61 2
74 2
77 2
85 2
93 2
96 5
fn=__mempcpy_chk
56 2
57 3
60 3
61 2
74 2
77 2
85 2
93 2
96 5
fl=./debug/../sysdeps/x86_64/multiarch/ifunc-memset.h
fn=__memset_chk
54 5
57 3
58 2
64 2
73 2
75 2
85 2
93 2
96 5
fl=./debug/../sysdeps/x86_64/multiarch/memcpy_chk.c
fn=__memcpy_chk
29 1
fl=./debug/../sysdeps/x86_64/multiarch/memmove_chk.c
fn=__memmove_chk
29 1
fl=./debug/../sysdeps/x86_64/multiarch/mempcpy_chk.c
fn=__mempcpy_chk
29 1
fl=./debug/../sysdeps/x86_64/multiarch/memset_chk.c
fn=__memset_chk
29 1
fl=./elf/../bits/stdlib-bsearch.h
fn=intel_check_word.constprop.0
27 96
28 48
29 744
31 648
32 348
35 264
37 120
fl=./elf/../elf/dl-tls.c
fn=_dl_add_to_slotinfo
1017 9
1023 1
1026 1
1027 1
1031 3
1065 2
1068 2
1069 3
1072 6
fn=_dl_allocate_tls_init
523 11
524 2
528 2
531 1
534 2
537 3
549 1
554 17
560 5
563 3
564 2
570 3
571 2
573 10
576 2
577 2
580 2
581 4
583 2
584 2
593 1
601 2
603 10
609 1
615 2
618 2
621 9
fn=_dl_allocate_tls_storage
365 1
369 1
370 1
371 2
374 1
380 2
417 7
419 1
430 1
431 1
432 2
440 6
441 1
445 305
464 1
470 7
fn=_dl_assign_tls_modid
125 4
128 2
141 1
181 1
183 1
186 1
187 2
fn=_dl_count_modids
192 1
194 2
195 1
210 2
fn=_dl_determine_tlsoffset
216 9
217 1
218 1
219 1
222 4
225 2
259 1
261 11
263 5
265 3
266 2
268 2
270 5
281 1
286 8
288 2
289 1
294 1
301 1
302 7
304 2
354 1
355 8
fn=_dl_tls_static_surplus_init
83 3
97 8
100 6
101 5
102 3
104 4
107 1
109 1
111 3
112 6
fl=./elf/../include/list.h
fn=__tls_init_tp
43 2
44 2
45 1
47 1
fl=./elf/../include/rtld-malloc.h
fn=__minimal_calloc
56 10
fn=_dl_allocate_tls_storage
44 2
56 1
fn=_dl_check_map_versions
44 12
fn=_dl_find_object_init
56 2
fn=_dl_important_hwcaps
56 4
fn=_dl_init_paths
56 5
fn=_dl_map_object_deps
56 8
fn=_dl_new_object
44 12
56 9
fn=decompose_rpath
50 2
56 1
fn=fillin_rpath.isra.0
50 10
51 5
56 10
fn=init_tls
44 2
fl=./elf/../include/scratch_buffer.h
fn=_dl_map_object_deps
77 2
78 1
85 3
131 12
fl=./elf/../misc/sbrk.c
fn=sbrk
37 6
40 1
58 2
62 2
78 5
fl=./elf/../nptl/nptl-stack.h
fn=__libc_early_init
61 8
fl=./elf/../sysdeps/generic/_itoa.h
fn=_dl_check_map_versions
76 15
fl=./elf/../sysdeps/generic/dl-cache.h
fn=_dl_load_cache_lookup
125 2
194 1
195 5
fl=./elf/../sysdeps/generic/dl-call_tls_init_tp.h
fn=init_tls
31 8
33 1
fl=./elf/../sysdeps/generic/dl-debug.h
fn=dl_main
29 4
30 1
fl=./elf/../sysdeps/generic/dl-hash.h
fn=__rtld_malloc_init_real
43 1
44 1
45 19
48 18
62 24
67 1
72 1
fl=./elf/../sysdeps/generic/dl-new-hash.h
fn=_dl_lookup_symbol_x
69 118
70 236
74 926
77 1852
80 866
81 1732
87 58
88 58
89 116
90 58
99 808
101 808
102 1616
104 808
105 808
fl=./elf/../sysdeps/generic/dl-protected.h
fn=do_lookup_x
29 432
fl=./elf/../sysdeps/generic/ldsodefs.h
fn=_dl_relocate_object
79 46
140 357
fn=_dl_start
79 6
fn=do_lookup_x
139 216
140 324
fl=./elf/../sysdeps/nptl/dl-mutex.c
fn=__rtld_mutex_init
30 7
37 1
40 7
44 2
45 9
47 6
51 2
52 7
53 6
fl=./elf/../sysdeps/nptl/dl-tls_init_tp.c
fn=__tls_init_tp
68 5
69 1
72 1
75 4
76 2
77 1
82 2
87 4
90 1
93 3
105 4
121 3
128 2
129 3
fn=__tls_pre_init_tp
53 3
56 10
61 2
62 1
64 1
fn=rtld_mutex_dummy
42 10
44 20
fl=./elf/../sysdeps/nptl/pthread_early_init.h
fn=__libc_early_init
33 6
34 1
38 5
45 2
46 1
48 2
52 5
53 1
54 1
56 1
fl=./elf/../sysdeps/posix/dl-fileid.h
fn=_dl_map_object_from_fd
37 12
40 12
49 24
fl=./elf/../sysdeps/unix/sysv/linux/brk.c
fn=brk
36 1
37 1
38 2
44 1
45 1
fl=./elf/../sysdeps/unix/sysv/linux/brk_call.h
fn=brk
24 2
fl=./elf/../sysdeps/unix/sysv/linux/dl-osinfo.h
fn=dl_main
39 2
52 1
fl=./elf/../sysdeps/unix/sysv/linux/dl-parse_auxv.h
fn=_dl_sysdep_parse_arguments
32 2
33 1
34 1
41 93
42 44
43 44
45 1
46 2
47 2
48 2
49 1
51 2
52 2
53 2
54 2
56 2
fl=./elf/../sysdeps/unix/sysv/linux/dl-sysdep.c
fn=_dl_sysdep_parse_arguments
78 7
79 2
80 2
81 3
82 72
83 147
86 2
90 56
93 5
94 2
95 3
96 6
fn=_dl_sysdep_start
102 6
103 1
106 2
110 2
113 1
115 2
122 3
123 2
125 5
137 3
140 5
143 4
fn=_dl_sysdep_start_cleanup
147 1
148 1
fl=./elf/../sysdeps/unix/sysv/linux/dl-vdso-setup.h
fn=dl_main
30 1
33 1
36 1
39 1
45 1
fl=./elf/../sysdeps/unix/sysv/linux/dl-vdso.h
fn=dl_main
40 2
41 5
55 2
fl=./elf/../sysdeps/unix/sysv/linux/rseq-internal.h
fn=__tls_init_tp
32 3
34 7
37 2
40 1
fl=./elf/../sysdeps/unix/sysv/linux/x86/dl-hwcap2.h
fn=update_active.constprop.0
25 2
fl=./elf/../sysdeps/unix/sysv/linux/x86/dl-minsigstacksize.h
fn=get_common_indices.constprop.0
24 2
27 2
28 2
65 3
72 1
74 1
fl=./elf/../sysdeps/x86/cpu-features.c
fn=get_common_indices.constprop.0
398 3
402 4
405 5
409 1
410 4
411 4
412 4
413 3
414 2
421 2
423 9
428 8
435 2
436 7
442 2
457 3
fn=init_cpu_features.constprop.0
376 3
377 2
378 6
383 2
384 6
389 2
390 7
682 8
685 1
686 1
687 1
690 1
699 3
702 6
703 1
706 2
708 6
713 1
715 3
717 9
721 7
774 3
781 2
799 1
832 2
866 4
869 2
870 1
878 2
885 2
887 2
891 2
897 2
899 1
1001 3
1002 2
1005 2
1006 2
1012 1
1013 1
1014 1
1015 2
1019 4
1022 4
1028 3
1041 2
1042 4
1081 1
1082 2
1086 3
1103 2
1104 2
1106 3
1107 2
1109 3
1110 2
1113 2
1127 4
1129 4
1135 4
1142 8
fn=update_active.constprop.0
72 8
76 1
84 3
85 3
86 1
94 4
95 1
103 4
104 1
109 4
112 4
113 1
116 5
117 2
121 5
122 3
123 3
124 2
128 5
129 5
130 3
132 2
133 4
147 2
151 7
152 4
154 3
158 4
161 1
164 2
166 2
170 1
171 1
178 4
180 5
186 4
188 5
190 4
195 5
244 3
245 3
261 4
277 2
281 2
282 1
285 4
289 2
293 3
294 2
296 1
297 1
300 2
302 1
305 2
356 5
360 3
369 1
370 8
fl=./elf/../sysdeps/x86/dl-cacheinfo.h
fn=get_common_cache_info.constprop.0
571 11
586 1
587 1
588 2
589 1
590 2
596 3
598 7
601 2
613 1
618 3
622 2
627 5
630 24
637 8
640 26
645 2
649 3
650 2
654 2
658 3
661 4
662 1
667 4
673 4
681 6
683 2
685 4
687 12
689 1
690 1
691 9
693 4
696 7
701 1
703 4
704 3
705 1
708 2
711 2
718 1
720 4
721 1
726 2
731 2
732 1
733 2
734 1
759 3
770 5
771 5
775 2
782 1
783 2
784 1
785 7
fn=handle_intel.constprop.0
250 108
255 24
261 12
262 12
267 48
271 24
276 24
279 60
281 24
284 60
286 24
305 96
fn=init_cpu_features.constprop.0
792 1
793 1
795 1
809 2
811 3
812 3
813 3
814 2
817 3
819 3
820 2
822 3
824 3
825 1
827 3
829 3
830 2
832 3
834 3
836 3
838 5
894 2
895 2
896 2
897 2
898 2
899 2
900 1
901 1
902 1
903 1
904 1
905 1
907 1
910 3
924 3
925 7
930 2
931 6
932 2
939 3
959 6
968 2
969 2
974 12
987 5
995 7
997 2
1000 5
1002 2
1005 5
1006 5
1010 6
1011 3
1017 7
1020 11
1021 10
1022 13
1025 10
1027 10
1040 4
1042 2
1043 2
1044 1
1045 1
1046 1
1047 1
fn=intel_check_word.constprop.0
110 648
113 324
119 216
123 48
125 12
129 120
131 144
133 60
135 120
143 120
152 12
155 138
158 99
162 58
164 189
167 120
168 72
169 60
170 48
172 11
174 22
176 12
177 16
178 12
179 20
180 14
181 12
183 8
184 12
187 21
190 2
194 192
202 168
216 48
246 144
fl=./elf/../sysdeps/x86/dl-get-cpu-features.c
fn=__x86_cpu_features
39 3
71 3
fn=_dl_x86_init_cpu_features
37 1
39 3
41 1
fl=./elf/../sysdeps/x86/dl-isa-level.h
fn=_dl_load_cache_lookup
28 12
fl=./elf/../sysdeps/x86/dl-procinfo.h
fn=_dl_load_cache_lookup
39 4
42 14
fl=./elf/../sysdeps/x86/dl-prop.h
fn=_dl_map_object_from_fd
149 12
fn=_dl_process_pt_gnu_property
95 24
102 12
115 12
118 6
252 6
253 3
254 6
255 3
257 24
258 1
260 6
fn=dl_main
36 2
37 18
40 8
49 28
53 23
71 2
149 4
235 4
236 2
fl=./elf/../sysdeps/x86/get-isa-level.h
fn=_dl_hwcaps_subdirs_active
30 4
31 1
32 3
36 3
39 4
40 4
45 4
48 2
51 5
53 4
54 2
55 2
58 4
fn=update_active.constprop.0
28 1
30 4
31 1
32 3
36 3
38 1
39 2
40 4
45 4
47 1
48 2
51 5
53 4
54 2
55 2
57 1
58 4
fl=./elf/../sysdeps/x86_64/dl-cet.c
fn=_dl_cet_check
275 2
276 1
277 2
282 4
283 3
285 2
293 5
361 8
363 6
fn=_dl_cet_setup_features
331 1
334 2
350 1
fl=./elf/../sysdeps/x86_64/dl-hwcaps-subdirs.c
fn=_dl_hwcaps_subdirs_active
29 1
38 3
43 1
48 1
52 1
fl=./elf/../sysdeps/x86_64/dl-machine.h
fn=_dl_fixup
234 2
fn=_dl_relocate_object
81 22
87 4
91 3
97 1
108 3
129 2
132 2
134 4
267 268
274 268
278 268
287 1483
290 301
291 136
292 496
317 804
320 26
323 26
393 25
400 51
402 68
406 51
415 34
423 236
436 7
476 136
478 68
479 68
498 18
499 6
503 12
504 12
514 4
518 4
521 6
522 2
730 10
734 6
fn=_dl_start
55 1
278 9
287 27
290 6
291 12
317 8
323 2
fn=_dl_sysdep_start
220 1
fl=./elf/../sysdeps/x86_64/dl-runtime.h
fn=_dl_fixup
28 2
fl=./elf/../sysdeps/x86_64/dl-trampoline.h
fn=_dl_runtime_resolve_xsave
71 2
76 2
79 2
81 2
91 2
97 2
98 2
99 2
100 2
101 2
102 2
103 2
107 2
108 2
111 2
112 2
114 2
115 2
116 2
117 2
118 2
119 2
121 2
128 2
129 2
130 2
131 2
136 2
137 2
138 2
140 2
141 2
142 2
143 2
144 2
145 2
146 2
148 2
150 2
154 2
156 2
fl=./elf/./dl-find_object.h
fn=_dl_find_object_from_map
95 10
96 10
97 5
103 25
104 145
105 100
107 15
112 5
fl=./elf/./dl-hwcaps.h
fn=_dl_important_hwcaps
43 9
45 7
46 1
77 8
78 8
79 7
fl=./elf/./dl-load.h
fn=_dl_map_object_from_fd
91 24
92 8
93 10
94 8
96 8
fl=./elf/./dl-main.h
fn=dl_main
109 5
fl=./elf/./dl-map-segments.h
fn=_dl_map_object_from_fd
28 9
29 27
81 3
101 3
102 9
105 9
106 6
108 6
125 3
135 72
137 36
139 90
149 48
155 6
156 3
157 9
158 6
160 6
165 6
168 9
176 21
182 6
186 8
189 2
194 12
fl=./elf/./dl-sym-post.h
fn=lookup_malloc_symbol
41 8
53 12
fl=./elf/./dl-tunable-types.h
fn=__GI___tunable_set_val
84 5
fl=./elf/./elf/dl-audit.c
fn=_dl_audit_activity_map
29 7
30 1
31 3
37 6
fn=_dl_audit_activity_nsid
41 3
45 12
46 3
47 15
fn=_dl_audit_objclose
97 5
98 20
fn=_dl_audit_objopen
77 3
78 12
fn=_dl_audit_preinit
118 1
119 4
fl=./elf/./elf/dl-cache.c
fn=_dl_cache_libcmp
357 48
358 290
360 384
362 138
368 20
369 15
370 124
372 124
374 10
380 246
382 246
383 57
386 104
387 104
390 39
fn=_dl_load_cache_lookup
191 38
205 2
208 16
210 20
211 4
213 10
220 44
222 115
223 38
227 57
231 57
232 38
240 14
242 10
245 10
247 30
249 5
259 8
269 12
270 8
286 14
295 4
298 4
301 2
302 6
330 4
342 8
346 17
347 7
349 10
403 20
405 4
408 6
411 5
419 5
420 8
423 6
424 1
431 1
432 2
477 3
482 6
485 6
500 4
512 6
513 30
514 8
515 2
516 16
fn=_dl_unload_cache
525 3
526 4
528 2
529 1
533 1
535 2
fl=./elf/./elf/dl-call-libc-early-init.c
fn=_dl_call_libc_early_init
27 7
29 2
33 5
37 2
39 4
40 2
41 3
fl=./elf/./elf/dl-call_fini.c
fn=_dl_call_fini
24 40
28 10
32 5
34 5
35 10
38 6
39 9
42 24
43 3
47 5
48 10
49 9
50 27
fl=./elf/./elf/dl-catch.c
fn=_dl_catch_error
254 12
256 2
257 2
258 2
259 2
261 6
fn=_dl_catch_exception
58 18
59 12
69 12
70 30
204 48
207 12
214 6
228 6
229 12
235 36
237 18
239 24
248 18
fn=_dl_receive_error
58 2
59 1
69 2
70 2
186 7
188 1
192 1
194 1
197 1
198 4
fl=./elf/./elf/dl-debug.c
fn=_dl_debug_initialize
56 3
57 1
59 2
61 2
63 3
64 1
85 3
90 3
91 2
92 1
95 3
96 6
99 2
107 2
fn=_dl_debug_state
116 2
117 2
fn=_dl_debug_update
38 4
40 8
41 4
44 8
48 4
fl=./elf/./elf/dl-deps.c
fn=_dl_map_object_deps
128 3
129 5
130 6
132 3
136 8
143 13
144 20
160 9
161 1
164 1
182 1
183 6
184 1
188 11
190 17
193 5
197 15
198 32
201 12
205 6
208 18
210 12
215 3
216 3
217 6
218 6
219 3
221 393
222 186
228 50
230 5
232 20
233 10
242 5
244 10
249 21
252 3
253 3
254 3
255 6
256 3
257 3
259 12
263 15
264 9
266 264
417 10
419 15
422 6
423 12
429 3
430 15
431 15
434 3
435 6
439 15
441 5
442 22
448 5
449 1
452 4
463 5
465 4
470 5
471 1
472 2
474 19
478 5
483 10
485 15
490 5
494 2
495 3
532 2
533 2
547 9
552 9
553 5
557 1
559 2
560 1
561 3
568 3
571 2
574 8
fn=openaux
61 30
64 55
65 5
68 5
69 15
fl=./elf/./elf/dl-environ.c
fn=_dl_next_ld_env_entry
28 3
29 3
32 220
34 144
35 18
37 2
40 4
42 2
45 70
fl=./elf/./elf/dl-find_object.c
fn=_dl_find_object_init
561 5
564 1
566 2
567 3
579 2
580 3
582 2
585 2
590 1
591 1
594 3
596 2
599 6
601 1
604 4
fn=_dlfo_process_initial
474 8
475 2
477 2
478 4
504 24
505 26
506 10
508 36
511 32
513 24
515 8
516 8
517 16
529 2
531 8
fn=_dlfo_sort_mappings
536 1
537 2
540 16
544 6
545 33
546 30
548 3
549 3
553 12
554 15
555 6
557 1
fl=./elf/./elf/dl-fini.c
fn=_dl_fini
26 11
43 1
46 13
49 2
51 1
54 2
56 5
61 1
63 4
68 18
73 19
75 10
77 10
79 10
80 5
81 5
85 5
87 6
88 6
94 6
103 2
108 31
110 5
112 10
114 20
117 10
122 5
126 5
132 6
134 1
138 2
145 8
fl=./elf/./elf/dl-hwcaps.c
fn=_dl_important_hwcaps
52 16
54 2
55 4
56 2
57 2
77 16
80 16
84 2
86 6
87 2
88 2
100 5
102 3
105 1
108 1
112 5
125 12
127 10
128 4
129 4
130 2
133 3
142 13
143 11
145 8
151 5
155 4
156 3
157 3
161 1
162 2
163 2
172 14
174 2
175 3
185 2
186 3
189 3
193 2
194 2
201 1
202 5
208 2
209 1
213 3
216 9
fl=./elf/./elf/dl-hwcaps_split.c
fn=_dl_hwcaps_split
25 5
26 3
27 1
47 4
fn=_dl_hwcaps_split_masked
26 44
30 24
34 78
35 12
36 24
41 36
42 18
43 12
45 6
51 110
55 5
56 18
57 27
58 24
60 6
62 88
67 12
fl=./elf/./elf/dl-init.c
fn=_dl_init
29 12
35 30
37 31
81 13
82 1
83 1
86 3
89 2
94 4
119 1
120 24
121 10
127 8
fn=call_init.part.0
26 60
43 15
46 15
47 2
51 8
59 12
60 12
63 4
64 8
70 9
72 6
73 31
74 16
76 40
fl=./elf/./elf/dl-load.c
fn=_dl_dst_count
238 45
241 10
244 10
245 5
264 45
fn=_dl_init_paths
706 13
720 4
725 1
727 3
734 3
735 2
739 4
741 4
747 1
748 1
756 8
758 8
759 4
761 5
762 7
763 4
766 13
767 10
768 18
770 32
776 1
777 1
782 1
785 3
787 4
789 3
806 1
808 3
812 4
813 5
814 2
819 2
825 5
827 23
831 2
832 432
833 107
834 214
836 1
837 1
838 2
844 6
847 3
853 1
857 8
fn=_dl_map_object
682 12
685 4
696 10
1967 72
1969 3
1975 12
1976 24
1979 111
1984 126
1986 90
1990 30
1991 45
1994 30
1995 18
1996 30
2010 12
2011 9
2019 9
2034 3
2036 15
2040 8
2042 4
2049 8
2053 2
2054 2
2058 6
2059 2
2061 26
2065 6
2068 8
2073 10
2099 4
2100 28
2106 6
2107 2
2115 2
2129 4
2131 6
2135 6
2137 4
2141 4
2149 4
2172 18
2176 6
2177 2
2194 4
2200 1
2201 4
2202 2
2203 2
2207 9
2210 3
2222 12
2267 6
2268 52
2270 57
fn=_dl_map_object_from_fd
944 42
959 12
989 48
990 18
1008 6
1036 12
1046 6
1053 24
1054 6
1065 6
1066 9
1067 6
1069 9
1070 12
1071 4
1074 17
1075 6
1086 3
1088 3
1090 66
1091 3
1092 3
1093 3
1094 3
1100 126
1101 309
1107 6
1114 7
1115 9
1116 30
1121 2
1122 1
1127 93
1135 60
1136 78
1137 60
1138 12
1139 24
1141 84
1143 24
1156 24
1157 45
1162 12
1163 123
1176 3
1180 4
1181 1
1185 5
1186 2
1189 1
1194 4
1209 6
1210 3
1213 9
1218 21
1228 57
1229 24
1235 6
1245 12
1252 21
1264 3
1268 12
1269 9
1275 6
1276 6
1278 6
1288 9
1307 9
1309 18
1361 9
1362 2
1368 102
1369 168
1375 48
1380 12
1393 6
1395 12
1397 6
1413 6
1417 6
1418 6
1435 6
1436 1
1439 6
1444 6
1449 6
1461 24
1462 9
1463 18
1464 6
1465 5
1471 6
1472 4
1477 2
1484 9
1487 6
1491 9
1492 9
1510 6
1514 21
1515 12
1519 27
fn=_dl_process_pt_gnu_property
868 12
869 8
870 4
876 8
882 20
885 12
886 8
887 8
890 12
891 12
895 4
896 8
900 12
901 6
904 12
907 6
908 24
918 9
920 12
fn=decompose_rpath
580 12
582 1
591 3
622 2
629 2
630 2
637 2
638 244
640 240
644 1
646 2
654 8
661 3
668 1
670 1
671 1
672 8
fn=expand_dynamic_string_token
241 15
244 10
385 50
399 10
410 35
fn=fillin_rpath.isra.0
468 34
472 2
474 42
477 1
478 1
481 10
483 24
487 8
492 12
493 8
500 20
505 8
509 105
510 60
528 24
532 20
534 10
538 5
539 10
540 20
541 5
543 10
544 2
549 20
550 70
551 20
553 10
554 15
555 9
556 1
561 10
562 5
565 15
571 2
574 16
fn=open_path
1812 44
1813 8
1816 4
1817 4
1819 8
1822 8
1824 88
1827 20
1831 10
1835 60
1842 60
1843 220
1846 60
1851 264
1854 48
1860 72
1863 192
1865 72
1867 18
1872 18
1873 63
1879 27
1881 62
1882 6
1884 9
1891 106
1893 49
1937 80
1941 10
1943 40
1946 12
1960 36
fn=open_verify.constprop.0
1572 324
1604 81
1609 48
1623 135
1625 54
1633 3
1634 9
1639 18
1641 6
1643 6
1645 6
1651 6
1668 45
1749 6
1754 6
1760 12
1766 6
1772 12
1773 12
1777 16
1778 5
1799 243
fl=./elf/./elf/dl-lookup-direct.c
fn=_dl_lookup_direct
32 15
33 9
35 6
36 6
48 9
51 6
53 21
57 9
58 21
59 15
74 39
76 6
78 21
79 6
81 12
84 25
86 12
93 6
115 3
116 27
fl=./elf/./elf/dl-lookup.c
fn=_dl_lookup_symbol_x
772 1534
774 236
775 472
778 118
782 448
785 236
787 236
791 1702
792 2006
797 590
799 60
816 118
817 30
820 236
821 740
828 148
856 432
870 324
871 2
873 216
890 432
892 1062
fn=check_match
70 1665
73 888
78 6
86 540
89 468
93 108
94 216
96 212
115 212
116 848
117 530
144 4
146 12
147 8
161 108
162 888
fn=do_lookup_x
347 1652
348 118
353 118
354 118
358 998
361 998
365 1234
386 998
390 998
396 1497
400 499
401 499
404 2495
405 1497
408 499
409 998
411 499
412 354
413 998
415 826
416 1996
419 3493
422 234
423 351
424 234
426 228
429 1240
431 333
432 2808
433 222
436 333
439 426
461 864
470 48
476 216
483 820
487 33
499 216
500 108
501 108
518 1173
521 10
522 944
fl=./elf/./elf/dl-minimal-malloc.c
fn=__minimal_calloc
80 50
84 10
87 10
88 30
fn=__minimal_free
97 6
99 24
fn=__minimal_malloc
36 304
37 114
42 3
43 2
44 2
48 151
51 258
56 8
57 8
59 2
60 16
62 4
64 8
65 6
67 6
70 38
71 40
73 228
fl=./elf/./elf/dl-minimal.c
fn=__rtld_malloc_init_real
76 10
86 2
87 1
89 1
91 6
92 5
93 5
94 4
99 1
100 1
101 1
102 1
103 8
fn=__rtld_malloc_init_stubs
42 1
43 2
44 2
45 2
46 2
47 1
fn=lookup_malloc_symbol
61 36
63 4
64 28
68 28
69 28
71 4
72 24
fn=strsep
239 7
242 14
244 7
245 14
247 10
249 511
251 334
254 542
256 804
260 6
264 164
267 5
271 14
fl=./elf/./elf/dl-misc.c
fn=_dl_name_match_p
68 273
69 156
70 8
72 39
74 156
75 235
80 39
82 31
83 156
fn=_dl_sysdep_read_whole_file
36 11
39 3
40 2
42 6
44 2
47 2
49 8
60 3
63 8
fl=./elf/./elf/dl-object.c
fn=_dl_add_to_namespace_list
31 36
33 12
35 35
38 36
40 3
42 3
45 2
46 12
47 8
48 8
50 8
51 20
fn=_dl_new_object
59 60
62 8
64 2
66 3
67 2
71 6
77 2
80 6
83 16
87 6
92 3
95 8
98 4
99 4
100 8
103 8
104 28
106 4
119 18
123 3
125 1
127 28
130 8
131 8
132 4
136 4
139 36
141 20
149 8
150 4
153 1
155 24
157 12
160 10
164 12
168 21
176 1
179 8
189 16
191 12
195 9
199 6
200 6
208 3
212 3
245 12
250 106
251 106
255 6
256 3
259 3
263 36
fl=./elf/./elf/dl-reloc.c
fn=_dl_relocate_object
170 808
171 238
174 1240
175 84
177 7
178 28
182 224
183 112
184 112
186 902
187 530
188 212
190 853
193 112
194 784
196 7
207 66
208 12
220 10
221 15
224 20
226 15
228 5
229 15
251 25
252 10
253 2
255 10
262 15
301 10145
304 25
328 5
331 10
348 15
350 48
356 30
359 10
363 10
364 30
fl=./elf/./elf/dl-runtime.c
fn=_dl_fixup
46 22
48 10
49 6
54 2
55 8
56 14
58 4
63 4
67 4
69 2
71 6
75 6
76 8
77 6
84 2
85 6
95 22
99 10
109 20
124 8
133 6
159 6
163 16
fl=./elf/./elf/dl-setup_hash.c
fn=_dl_setup_hash
25 10
28 15
31 15
32 10
33 5
34 5
36 15
37 5
38 15
40 5
41 10
43 5
45 15
50 5
fl=./elf/./elf/dl-sort-maps.c
fn=_dl_sort_maps
140 50
181 2
182 4
183 40
184 20
211 34
216 4
218 2
219 10
221 32
223 10
226 30
244 8
263 8
276 8
283 2
298 26
306 6
310 18
fn=_dl_sort_maps_init
289 4
290 4
291 1
292 3
293 2
fn=dfs_traversal.part.0
135 90
140 34
143 10
145 30
147 96
156 35
171 30
172 10
173 60
fl=./elf/./elf/dl-tunables.c
fn=__GI___tunable_set_val
72 50
82 5
93 40
94 25
97 10
100 35
104 10
111 10
112 10
115 25
116 5
117 5
118 5
153 30
157 15
fn=__GI___tunables_init
42 365
45 72
48 7504
52 144
56 288
128 1
261 10
267 4
281 11808
283 2
287 21384
304 8
fn=__tunable_get_val
387 74
390 438
399 48
400 14
409 29
416 222
418 37
fl=./elf/./elf/dl-tunables.h
fn=__GI___tunable_set_val
141 10
142 10
151 5
fn=__GI___tunables_init
160 1374
161 3364
fl=./elf/./elf/dl-version.c
fn=_dl_check_all_versions
392 7
394 1
396 20
397 5
398 45
401 7
fn=_dl_check_map_versions
36 72
37 16
38 110
56 48
64 36
70 36
86 12
87 24
89 12
94 432
108 372
110 12
113 96
120 522
124 174
155 50
156 5
164 8
170 15
172 25
174 5
175 5
177 10
180 9
184 24
198 2
200 15
208 15
213 15
215 7
217 48
218 87
221 24
224 36
225 5
228 12
231 48
234 36
239 7
243 15
248 2
257 20
260 6
263 269
266 201
270 62
274 12
279 4
280 16
281 12
291 4
294 22
296 8
299 12
301 2
303 15
306 36
308 48
310 60
311 24
312 36
313 36
316 36
321 7
324 15
329 2
334 8
337 6
341 62
343 130
347 62
348 310
349 186
350 62
353 195
357 62
365 6
366 6
367 6
368 4
370 4
372 124
373 60
375 2
376 7
387 45
fl=./elf/./elf/do-rel.h
fn=_dl_relocate_object
49 30
50 30
51 5
53 50
72 5
73 6
80 30
83 14
85 8
96 6
97 2
114 27
123 38
124 12
126 27
129 28
131 821
133 980
134 784
135 588
136 784
138 588
141 272
142 68
143 68
147 128
150 401
151 78
164 16
165 285
166 252
169 204
171 272
172 68
173 136
180 31
182 42
183 12
185 18
193 6
196 18
211 7
fn=_dl_start
49 6
50 4
51 1
53 10
56 4
61 13
63 9
64 6
65 3
fl=./elf/./elf/get-dynamic-info.h
fn=_dl_map_object_from_fd
39 6
43 3
45 337
49 164
51 46
52 23
53 6
54 71
55 59
56 15
59 12
62 12
64 12
68 82
72 12
84 11
85 12
86 12
87 12
88 11
89 11
90 11
91 12
103 24
110 10
115 4
122 4
123 9
129 9
130 6
147 9
152 4
154 4
156 4
158 4
159 4
162 9
164 9
165 6
174 6
175 9
180 6
181 6
184 6
fl=./elf/./elf/libc_early_init.c
fn=__libc_early_init
33 9
35 1
38 2
41 2
47 4
49 2
fl=./elf/./elf/rtld.c
fn=_dl_start
85 8
458 2
476 3
477 1
478 2
488 1
494 4
496 2
517 16
543 1
546 2
547 4
563 190
565 1
578 1
585 9
fn=dl_main
85 17
92 12
93 2
101 9
197 2
199 1
224 3
225 5
226 4
296 3
302 1
303 1
837 1
839 1
848 1
850 1
855 1
1115 1
1116 1
1118 1
1122 3
1124 1
1125 1
1140 1
1143 46
1144 117
1148 3
1153 3
1154 9
1163 2
1164 2
1166 1
1173 3
1191 2
1199 8
1200 17
1201 8
1202 1
1204 12
1205 14
1209 8
1210 8
1211 4
1215 12
1243 2
1247 3
1253 28
1254 61
1260 17
1266 4
1269 3
1271 3
1346 13
1351 1
1352 1
1357 1
1373 3
1374 4
1637 10
1639 2
1640 3
1641 2
1642 3
1646 2
1647 2
1672 3
1673 5
1674 3
1675 3
1678 1
1680 1
1681 1
1683 2
1684 2
1688 2
1690 2
1698 4
1705 2
1708 2
1733 4
1735 1
1740 2
1743 4
1744 4
1745 3
1746 1
1747 1
1748 1
1759 2
1760 2
1762 2
1764 1
1765 3
1770 5
1771 5
1773 3
1779 2
1788 2
1792 1
1793 2
1817 2
1823 1
1824 1
1825 1
1829 3
1834 3
1836 1
1838 2
1842 5
1847 2
1863 6
1939 4
1943 19
1944 1
1947 3
1948 1
1949 2
1950 2
1955 3
1965 9
1971 23
1972 14
1975 3
1976 2
1977 1
1979 18
1980 8
1984 2
1990 1
1992 3
1993 2
1995 2
1997 3
1999 3
2000 1
2001 2
2013 2
2014 2
2015 3
2026 5
2027 4
2028 5
2038 2
2039 2
2040 4
2042 2
2047 3
2246 3
2250 3
2256 2
2259 2
2267 2
2279 3
2282 3
2284 3
2285 6
2292 2
2293 24
2295 10
2300 10
2302 12
2304 1
2305 1
2308 5
2310 10
2311 32
2315 12
2316 3
2325 2
2329 4
2331 1
2338 4
2341 2
2345 3
2347 2
2357 1
2362 3
2365 1
2371 1
2372 5
2380 3
2387 1
2390 3
2394 3
2395 1
2396 1
2397 1
2401 1
2406 8
2538 1
2598 1
2600 2
2602 15
2604 2
2606 107
2607 19
2615 13
2640 2
2650 4
2652 2
2653 1
2687 5
2689 2
2690 2
2691 1
2727 5
2749 3
fn=handle_preload_list
183 3
806 1
810 2
811 2
812 1
814 1
816 6
817 3
825 3
869 13
870 3
874 5
877 4
878 3
880 4
881 2
887 1
889 2
891 2
892 1
895 9
fn=init_tls
734 4
736 2
740 3
746 2
749 1
750 1
751 1
755 1
757 1
761 2
762 2
763 14
764 5
765 10
769 3
771 1
773 3
776 2
779 1
786 2
787 2
793 2
797 1
800 5
fn=map_doit
641 6
643 4
644 6
646 3
fn=version_check_doit
674 6
676 6
680 3
fl=./elf/./get-dynamic-info.h
fn=_dl_start
45 75
49 36
51 10
52 5
54 20
55 16
56 5
59 4
62 4
64 4
68 18
72 3
84 4
85 3
86 4
87 4
88 5
89 3
90 4
91 4
103 10
110 3
123 3
129 3
130 3
133 2
134 3
139 5
142 5
fn=dl_main
39 4
43 1
45 115
49 56
51 12
52 6
54 25
55 21
56 5
59 4
62 4
64 4
68 28
72 7
84 4
85 5
86 5
87 5
88 4
89 5
90 5
91 5
103 9
110 3
115 2
122 3
123 4
129 3
147 4
162 4
164 3
165 2
174 2
175 3
180 2
184 3
fl=./elf/./setup-vdso.h
fn=dl_main
24 2
fl=./io/../sysdeps/unix/sysv/linux/access.c
fn=access
25 1
27 7
31 1
fl=./io/../sysdeps/unix/sysv/linux/close_nocancel.c
fn=__GI___close_nocancel
25 4
26 16
27 4
fl=./io/../sysdeps/unix/sysv/linux/fstat64.c
fn=fstat
30 5
39 20
72 5
fl=./io/../sysdeps/unix/sysv/linux/fstatat64.c
fn=fstatat
91 18
146 18
160 12
161 33
162 3
fl=./io/../sysdeps/unix/sysv/linux/open64_nocancel.c
fn=__open_nocancel
28 112
31 196
39 268
41 56
fl=./io/../sysdeps/unix/sysv/linux/pread64_nocancel.c
fn=__pread64_nocancel
25 4
26 8
27 2
fl=./io/../sysdeps/unix/sysv/linux/read_nocancel.c
fn=__read_nocancel
25 3
26 12
27 3
fl=./io/../sysdeps/unix/sysv/linux/stat64.c
fn=stat
28 18
29 36
fl=./io/../sysdeps/unix/sysv/linux/write.c
fn=write
25 2
26 12
27 2
fl=./libio/../include/sys/sysmacros.h
fn=_IO_file_doallocate
47 6
fl=./libio/./libio/filedoalloc.c
fn=_IO_file_doallocate
78 11
84 9
86 4
89 2
91 2
94 2
97 4
101 3
102 2
104 4
105 1
106 9
fl=./libio/./libio/fileops.c
fn=_IO_do_write@@GLIBC_2.2.5
424 25
426 17
427 17
434 4
441 8
444 2
449 10
450 10
452 6
453 4
454 2
455 4
456 8
fn=_IO_file_overflow@@GLIBC_2.2.5
732 288
733 144
740 178
743 2
745 2
746 6
755 3
764 3
765 1
766 1
767 1
768 1
769 3
771 3
772 5
773 2
775 72
776 2
777 36
778 70
781 105
782 105
783 140
784 8
785 6
787 35
788 215
fn=_IO_file_setbuf@@GLIBC_2.2.5
382 6
383 3
386 1
388 3
390 2
391 3
fn=_IO_file_stat
1147 1
1148 2
fn=_IO_file_sync@@GLIBC_2.2.5
793 7
798 4
800 1
801 2
812 2
816 5
fn=_IO_file_write@@GLIBC_2.2.5
1174 16
1175 4
1176 12
1180 6
1181 6
1182 4
1187 2
1188 2
1190 6
1191 6
1194 12
fn=_IO_file_xsputn@@GLIBC_2.2.5
1198 18
1200 1
1204 8
1205 2
1211 8
1213 6
1214 2
1217 28
1219 36
1228 3
1229 1
1234 2
1236 5
1237 1
1238 3
1240 2
1244 6
1250 2
1251 5
1253 3
1264 2
1265 4
1267 3
1268 18
fl=./libio/./libio/genops.c
fn=_IO_cleanup
776 6
777 10
780 13
784 3
785 36
792 7
794 6
796 4
798 2
800 3
801 1
805 5
807 3
814 3
816 30
817 3
821 7
822 2
842 12
843 2
855 12
fn=_IO_default_setbuf
330 5
332 1
333 1
337 2
452 10
453 5
455 4
457 3
458 2
462 1
466 4
467 1
468 6
fn=_IO_default_xsputn
371 11
373 2
374 4
375 1
379 136
399 332
401 33
404 8
fn=_IO_doallocbuf
343 8
344 2
346 3
347 5
350 6
fn=_IO_flush_all
686 12
687 3
691 6
692 9
695 12
697 3
698 36
700 21
708 33
709 3
713 7
714 2
718 12
fn=_IO_setb
329 11
330 4
332 1
333 1
335 6
338 6
fn=__overflow
199 10
201 6
203 6
204 4
fl=./libio/./libio/ioputs.c
fn=puts
33 22
35 4
36 28
38 2
39 7
40 12
41 16
42 8
46 16
fl=./libio/./libio/libioP.h
fn=_IO_cleanup
1025 3
1026 2
fn=_IO_default_setbuf
1025 3
1026 2
fn=_IO_default_xsputn
1025 67
1026 66
fn=_IO_do_write@@GLIBC_2.2.5
1025 6
1026 4
fn=_IO_doallocbuf
1025 3
1026 2
fn=_IO_file_doallocate
1025 3
1026 2
fn=_IO_file_xsputn@@GLIBC_2.2.5
1025 3
1026 2
fn=_IO_flush_all
1025 2
fn=__overflow
1025 6
1026 4
fn=puts
979 4
980 16
1025 6
1026 4
fl=./libio/./libio/vtables.c
fn=check_stdfiles_vtables
545 1
546 4
547 3
548 3
550 1
fl=./malloc/../string/bits/string_fortified.h
fn=tcache_init.part.0
59 88
fl=./malloc/../sysdeps/unix/sysv/linux/not-cancel.h
fn=ptmalloc_init.part.0
97 6
fl=./malloc/./malloc/arena.c
fn=malloc
153 2
264 1
fn=ptmalloc_init.part.0
262 8
267 1
292 2
296 3
300 4
301 4
302 4
303 4
304 4
305 4
306 4
308 4
309 4
310 4
313 4
314 4
316 2
326 8
fl=./malloc/./malloc/malloc.c
fn=_int_malloc
1326 4
1345 12
1794 2
2008 8
2017 2
2552 6
2553 1
2564 2
2589 4
2590 2
2599 4
2608 3
2669 3
2677 2
2678 3
2691 3
2693 1
2699 5
2707 2
2709 4
2710 3
2711 1
2712 1
2715 2
2744 3
2745 1
2746 2
2752 8
2755 4
2782 2
2783 1
2795 3
2814 2
2817 2
2818 6
2820 1
2821 6
2833 5
2873 1
2875 1
2876 5
2877 1
2888 3
2921 3
2922 1
2926 1
2930 5
2932 1
2933 1
2934 1
2935 7
2936 2
2938 1
3846 22
3882 1
3887 4
3914 4
3977 4
3979 6
3980 2
3982 3
4039 5
4040 3
4058 4
4059 6
4060 6
4070 11
4257 6
4259 4
4262 3
4263 2
4330 2
4331 4
4332 4
4333 4
4334 12
4339 8
4343 15
4346 12
4443 2
4444 4
4446 4
4449 6
4451 1
4452 2
4453 1
4454 8
4456 2
4459 2
4460 6
4461 2
4466 4
4482 1
4487 24
fn=alloc_perturb
1985 6
1987 2
fn=malloc
1326 2
1345 5
3248 4
3294 8
3301 2
3311 2
3313 4
3316 2
3317 4
3318 3
3326 2
3328 4
3329 5
3354 6
fn=ptmalloc_init.part.0
1946 385
1949 381
1957 1
1958 1
1960 1
3143 2
fn=tcache_init.part.0
3242 4
3251 8
3252 3
3253 2
3261 4
3270 2
3274 3
fl=./malloc/./malloc/morecore.c
fn=__glibc_morecore
25 6
26 4
29 2
30 4
34 4
fl=./malloc/./malloc/scratch_buffer_set_array_size.c
fn=__libc_scratch_buffer_set_array_size
30 39
34 3
35 6
45 6
46 3
63 18
fl=./math/../sysdeps/ieee754/dbl-64/e_sqrt.c
fn=__sqrt_finite@GLIBC_2.15
52 12838
54 12838
146 12838
fl=./math/../sysdeps/x86_64/fpu/multiarch/e_asin.c
fn=__acos_finite@GLIBC_2.15
35 1
fn=__asin_finite@GLIBC_2.15
27 2
fl=./math/../sysdeps/x86_64/fpu/multiarch/e_atan2.c
fn=__atan2_finite@GLIBC_2.15
26 2
fl=./math/../sysdeps/x86_64/fpu/multiarch/e_exp.c
fn=__exp_finite@GLIBC_2.15
27 2
fl=./math/../sysdeps/x86_64/fpu/multiarch/e_exp2f.c
fn=exp2f@@GLIBC_2.27
27 2
fl=./math/../sysdeps/x86_64/fpu/multiarch/e_expf.c
fn=expf@@GLIBC_2.27
27 2
fl=./math/../sysdeps/x86_64/fpu/multiarch/e_log.c
fn=__log_finite@GLIBC_2.15
27 2
fl=./math/../sysdeps/x86_64/fpu/multiarch/e_log2.c
fn=log2@@GLIBC_2.29
27 2
fl=./math/../sysdeps/x86_64/fpu/multiarch/e_log2f.c
fn=log2f@@GLIBC_2.27
27 2
fl=./math/../sysdeps/x86_64/fpu/multiarch/e_logf.c
fn=logf@@GLIBC_2.27
27 2
fl=./math/../sysdeps/x86_64/fpu/multiarch/e_pow.c
fn=__pow_finite@GLIBC_2.15
27 2
fl=./math/../sysdeps/x86_64/fpu/multiarch/e_powf.c
fn=powf@@GLIBC_2.27
30 1
fl=./math/../sysdeps/x86_64/fpu/multiarch/ifunc-avx-fma4.h
fn=__atan2_finite@GLIBC_2.15
32 5
33 2
fn=__exp_finite@GLIBC_2.15
32 5
33 2
fn=__log_finite@GLIBC_2.15
32 5
33 2
fn=cos
32 5
33 2
fn=sin
32 5
33 2
fl=./math/../sysdeps/x86_64/fpu/multiarch/ifunc-fma.h
fn=__log1p
29 4
30 3
fn=cosf
29 4
30 3
fn=exp2f@@GLIBC_2.27
29 4
30 3
fn=expf@@GLIBC_2.27
29 4
30 3
fn=expm1
29 4
30 3
fn=log2@@GLIBC_2.29
29 4
30 3
fn=log2f@@GLIBC_2.27
29 4
30 3
fn=logf@@GLIBC_2.27
29 4
30 3
fn=powf@@GLIBC_2.27
29 4
30 4
fn=sincosf
29 4
30 3
fn=sinf
29 4
30 3
fl=./math/../sysdeps/x86_64/fpu/multiarch/ifunc-fma4.h
fn=__acos_finite@GLIBC_2.15
31 4
32 2
35 1
fn=__asin_finite@GLIBC_2.15
31 4
32 2
fn=__pow_finite@GLIBC_2.15
31 4
32 2
fn=sincos
31 4
32 2
fl=./math/../sysdeps/x86_64/fpu/multiarch/s_cosf.c
fn=cosf
26 2
fl=./math/../sysdeps/x86_64/fpu/multiarch/s_expm1.c
fn=expm1
26 2
fl=./math/../sysdeps/x86_64/fpu/multiarch/s_fma.c
fn=fma
49 6
fl=./math/../sysdeps/x86_64/fpu/multiarch/s_log1p.c
fn=__log1p
26 2
fl=./math/../sysdeps/x86_64/fpu/multiarch/s_sin.c
fn=cos
34 2
fn=sin
27 2
fl=./math/../sysdeps/x86_64/fpu/multiarch/s_sincos.c
fn=sincos
26 2
fl=./math/../sysdeps/x86_64/fpu/multiarch/s_sincosf.c
fn=sincosf
26 2
fl=./math/../sysdeps/x86_64/fpu/multiarch/s_sinf.c
fn=sinf
26 2
fl=./math/./math/w_sqrt_compat.c
fn=sqrt
34 12838
35 38514
38 12838
fl=./misc/../sysdeps/unix/syscall-template.S
fn=mprotect
117 25
122 5
fn=munmap
117 5
122 1
fl=./misc/../sysdeps/unix/sysv/linux/brk.c
fn=brk
36 2
37 4
38 4
44 2
45 2
fl=./misc/../sysdeps/unix/sysv/linux/brk_call.h
fn=brk
24 4
fl=./misc/../sysdeps/unix/sysv/linux/mmap64.c
fn=mmap
47 112
50 32
53 68
58 96
60 64
fl=./misc/../sysdeps/unix/sysv/linux/setvmaname.c
fn=__set_vma_name
33 11
35 7
40 7
47 1
49 6
fl=./misc/./misc/init-misc.c
fn=__init_misc
30 5
31 6
33 3
37 5
38 3
40 4
fl=./misc/./misc/sbrk.c
fn=sbrk
37 16
40 4
43 4
58 4
59 4
62 4
63 2
66 4
74 3
78 14
fl=./nptl/../sysdeps/unix/sysv/linux/x86/elision-conf.c
fn=__lll_elision_init
92 8
96 5
98 4
100 4
102 4
104 4
107 3
108 1
109 6
fl=./nptl/./nptl/libc-cleanup.c
fn=__libc_cleanup_pop_restore
54 2
55 2
57 4
59 2
60 6
71 2
fn=__libc_cleanup_push_defer
24 2
25 2
27 4
29 4
32 4
46 6
48 2
49 2
fl=./nptl/./nptl/pthread_mutex_conf.c
fn=__pthread_tunables_init
55 8
56 5
58 4
60 4
62 6
fl=./nptl/./nptl/pthread_mutex_lock.c
fn=pthread_mutex_lock@@GLIBC_2.2.5
44 1
45 7
46 1
77 5
80 3
82 1
84 2
88 2
97 2
108 4
112 1
115 2
124 1
130 3
131 2
179 1
182 1
184 1
187 1
190 3
fl=./nptl/./nptl/pthread_mutex_unlock.c
fn=pthread_mutex_unlock@@GLIBC_2.2.5
39 1
40 4
41 1
51 3
52 2
57 2
62 1
65 1
70 1
72 1
74 2
80 4
84 3
87 2
367 4
369 2
fl=./posix/../malloc/dynarray-skeleton.c
fn=__unregister_atfork
243 3
fl=./posix/../sysdeps/unix/sysv/linux/_exit.c
fn=_Exit
27 2
30 4
fl=./posix/./posix/register-atfork.c
fn=__unregister_atfork
71 6
82 18
83 12
109 12
110 9
fl=./resource/../sysdeps/unix/sysv/linux/getrlimit64.c
fn=getrlimit
38 2
39 7
40 1
fl=./setjmp/../sysdeps/x86_64/bsd-_setjmp.S
fn=_setjmp
28 1
30 1
32 1
fl=./setjmp/../sysdeps/x86_64/setjmp.S
fn=__sigsetjmp
31 7
33 7
42 7
43 14
44 7
48 7
49 7
50 7
51 7
52 7
54 14
56 7
57 7
58 7
60 14
62 7
67 1
68 1
70 6
73 6
74 6
81 6
82 6
85 1
fl=./setjmp/./setjmp/sigjmp.c
fn=__sigjmp_save
28 6
29 1
30 2
34 4
fl=./stdlib/./stdlib/cxa_atexit.c
fn=__cxa_atexit
41 2
43 8
44 2
46 2
52 3
53 1
54 1
55 1
56 1
57 4
58 1
67 7
69 6
fn=__new_exitfn
80 5
81 1
86 2
91 10
93 4
101 1
122 1
123 1
134 1
136 1
137 1
141 5
fl=./stdlib/./stdlib/cxa_finalize.c
fn=__cxa_finalize
30 30
33 21
36 21
40 21
93 21
97 18
105 6
106 12
107 24
fl=./stdlib/./stdlib/cxa_thread_atexit_impl.c
fn=__call_tls_dtors
148 5
149 4
165 4
fl=./stdlib/./stdlib/exit.c
fn=__run_exit_handlers
38 12
40 2
41 2
43 5
54 2
56 2
60 1
64 6
66 2
67 1
69 7
94 2
101 1
102 1
103 1
104 3
107 4
108 3
109 4
113 3
119 3
120 2
126 4
128 2
129 2
131 2
fn=exit
137 3
138 4
fl=./string/../include/rtld-malloc.h
fn=strdup
56 16
fl=./string/../string/strcspn.c
fn=strcspn
32 6
33 3
34 2
39 6
40 4
41 4
42 4
44 1
47 9
48 6
51 4
52 4
53 4
54 4
56 3
61 13
62 26
63 26
64 26
65 13
67 78
69 1
70 4
71 3
fl=./string/../sysdeps/x86/cacheinfo.c
fn=__x86_cacheinfo
86 1
fl=./string/../sysdeps/x86/cacheinfo.h
fn=__x86_cacheinfo
59 1
62 3
64 3
65 1
71 3
73 3
74 1
78 2
80 2
81 2
82 2
84 2
86 2
fl=./string/../sysdeps/x86_64/multiarch/../multiarch/memcmp-sse2.S
fn=bcmp
59 1
71 1
72 1
94 1
95 1
140 1
141 1
143 1
144 1
146 1
147 1
149 1
150 1
197 1
198 1
199 1
200 1
201 1
202 1
fl=./string/../sysdeps/x86_64/multiarch/../multiarch/memset-vec-unaligned-erms.S
fn=memset
132 8
133 40
138 8
139 8
142 2
143 2
244 2
245 2
257 2
260 2
261 2
273 2
274 2
287 2
288 2
290 2
293 1
296 2
299 35
300 35
301 35
302 35
303 35
304 35
305 35
308 2
309 2
310 2
311 2
316 2
350 6
352 6
353 6
392 6
393 6
395 6
fl=./string/../sysdeps/x86_64/multiarch/../multiarch/strchr-sse2.S
fn=index
32 22
33 22
34 22
35 22
36 22
37 22
38 22
39 22
40 22
41 22
42 22
43 22
44 22
45 22
46 22
47 22
48 22
49 22
50 16
54 16
55 16
56 16
57 16
59 16
63 6
64 6
65 6
66 6
67 6
68 6
69 6
70 6
71 6
72 6
73 6
74 6
75 6
76 6
77 6
78 6
79 6
80 6
81 6
82 6
83 6
84 6
85 6
86 8
91 1
92 1
95 1
96 1
97 1
98 1
99 1
100 1
101 1
102 1
103 1
104 1
105 1
106 1
107 1
108 1
109 1
110 1
111 1
112 1
114 1
115 1
117 1
118 1
119 1
120 1
121 1
122 1
123 1
124 1
126 1
127 1
128 1
129 1
130 1
131 1
132 1
133 1
134 1
135 1
138 6
142 6
143 6
144 6
145 6
147 6
fl=./string/../sysdeps/x86_64/multiarch/../multiarch/strcmp-sse2.S
fn=strcmp
98 264
131 264
132 264
134 264
135 264
156 264
157 264
158 224
159 224
160 200
161 200
162 200
163 200
180 200
181 200
182 200
183 200
184 200
185 200
186 200
191 14
192 42
201 78
202 78
203 78
204 78
205 78
206 78
207 78
208 78
209 74
210 31
211 31
212 31
214 74
215 74
216 74
217 74
218 74
219 74
229 4
230 4
231 4
233 4
239 4
240 4
241 4
242 4
243 4
248 4
300 6
301 6
302 6
303 6
304 6
306 6
307 6
308 6
309 6
310 6
311 6
312 6
313 6
316 6
317 6
318 6
324 6
325 6
326 12
330 6
331 6
334 6
335 6
336 6
338 6
339 6
340 6
344 6
345 6
346 6
347 6
348 6
349 6
661 1
662 1
663 1
664 1
665 1
667 1
668 1
669 1
670 1
671 1
672 1
673 1
780 1
781 1
782 1
783 1
784 1
786 1
787 1
788 1
789 1
790 1
791 1
792 1
899 3
900 3
901 3
902 3
903 3
905 3
906 3
907 3
908 3
909 3
910 3
911 3
912 2
916 2
917 2
918 2
924 2
925 2
926 4
930 2
931 2
934 2
935 2
936 2
938 2
939 2
940 2
944 2
945 2
946 2
947 2
948 2
949 2
956 1
957 1
959 1
960 1
962 1
963 1
964 1
966 1
967 1
968 1
972 1
973 1
974 1
975 1
976 1
977 1
1018 3
1019 3
1020 3
1021 3
1022 3
1024 3
1025 3
1026 3
1027 3
1028 3
1029 3
1030 3
1031 2
1035 2
1036 2
1037 2
1043 2
1044 2
1045 4
1049 2
1050 2
1053 2
1054 2
1055 2
1057 2
1058 2
1059 2
1063 2
1064 2
1065 2
1066 2
1067 2
1068 2
1137 4
1138 4
1139 4
1140 4
1141 4
1143 4
1144 4
1145 4
1146 4
1147 4
1148 4
1149 4
1150 1
1154 1
1155 1
1156 1
1162 1
1163 1
1164 2
1168 1
1169 1
1172 1
1173 1
1174 1
1176 1
1177 1
1178 1
1182 1
1183 1
1184 1
1185 1
1186 1
1187 1
1256 10
1257 10
1258 10
1259 10
1260 10
1262 10
1263 10
1264 10
1265 10
1266 10
1267 10
1268 10
1375 3
1376 3
1377 3
1378 3
1379 3
1381 3
1382 3
1383 3
1384 3
1385 3
1386 3
1387 3
1388 3
1392 3
1393 3
1394 3
1400 3
1401 3
1402 6
1406 3
1407 3
1410 3
1411 3
1412 3
1414 3
1415 3
1416 3
1420 3
1421 3
1422 3
1423 3
1424 3
1425 3
1494 11
1495 11
1496 11
1497 11
1498 11
1500 11
1501 11
1502 11
1503 11
1504 11
1505 11
1506 11
1507 6
1511 6
1512 6
1513 6
1519 6
1520 6
1521 12
1525 6
1526 6
1529 6
1530 6
1531 6
1533 6
1534 6
1535 6
1539 6
1540 6
1541 6
1542 6
1543 6
1544 6
1613 3
1614 3
1615 3
1616 3
1617 3
1619 3
1620 3
1621 3
1622 3
1623 3
1624 3
1625 3
1626 2
1630 2
1631 2
1632 2
1638 2
1639 2
1640 4
1644 2
1645 2
1648 2
1649 2
1650 2
1652 2
1653 2
1654 2
1658 2
1659 2
1660 2
1661 2
1662 2
1663 2
1670 1
1671 1
1673 1
1674 1
1676 1
1677 1
1678 1
1680 1
1681 1
1682 1
1686 1
1687 1
1688 1
1689 1
1690 1
1691 1
1732 9
1733 9
1734 9
1735 9
1736 9
1738 9
1739 9
1740 9
1741 9
1742 9
1743 9
1744 9
1745 7
1749 7
1750 7
1751 7
1757 7
1758 7
1759 14
1763 7
1764 7
1767 7
1768 7
1769 7
1771 7
1772 7
1773 7
1777 7
1778 7
1779 7
1780 7
1781 7
1782 7
1789 1
1790 1
1792 1
1793 1
1795 1
1796 1
1797 1
1799 1
1800 1
1801 1
1805 1
1806 1
1807 1
1808 1
1809 1
1810 1
1851 4
1852 4
1853 4
1854 4
1855 4
1857 4
1858 4
1859 4
1860 4
1861 4
1862 4
1863 4
1864 3
1868 3
1869 3
1870 3
1876 3
1877 3
1878 6
1882 3
1883 3
1886 3
1887 3
1888 3
1890 3
1891 3
1892 3
1896 3
1897 3
1898 3
1899 3
1900 3
1901 3
1970 16
1971 16
1972 16
1973 16
1974 16
1976 16
1977 16
1978 16
1979 16
1980 16
1981 16
1982 16
1984 3
1988 3
1989 3
1990 3
1996 3
1997 3
1999 6
2003 3
2004 3
2007 3
2008 3
2009 3
2011 3
2012 3
2013 3
2017 3
2018 3
2019 3
2020 3
2021 3
2022 3
2093 35
2095 78
2096 78
2097 78
2098 78
2099 62
2104 264
2110 264
2111 264
2119 264
2120 264
fn=strncmp
98 1
125 1
126 1
127 1
128 1
129 1
131 1
132 1
134 1
135 1
156 1
157 1
158 1
159 1
160 1
161 1
162 1
163 1
180 1
181 1
182 1
183 1
184 1
185 1
186 1
2104 1
2107 1
2108 1
2110 1
2111 1
2119 1
2120 1
fl=./string/../sysdeps/x86_64/multiarch/../multiarch/strlen-sse2.S
fn=strlen
57 28
101 28
102 28
103 28
104 28
105 28
106 28
107 28
109 28
111 28
142 28
143 28
144 28
145 28
146 28
147 11
149 11
153 17
154 17
155 17
156 17
157 17
158 17
159 17
160 17
161 17
162 17
163 17
164 17
169 128
243 4
244 4
245 4
246 4
247 4
248 4
249 4
250 4
266 4
268 4
269 56
271 4
272 4
273 4
275 4
fl=./string/../sysdeps/x86_64/multiarch/ifunc-avx2.h
fn=memrchr
38 4
40 3
41 2
42 3
45 2
46 2
49 3
52 6
fn=rindex
38 4
40 3
41 2
42 3
45 2
46 2
49 3
52 6
fn=strchrnul
38 4
40 3
41 2
42 3
45 2
46 2
49 3
52 6
fn=strlen
38 4
40 3
41 2
42 3
45 2
46 2
49 3
52 6
fn=strnlen
38 8
40 6
41 4
42 6
45 4
46 4
49 6
52 12
fl=./string/../sysdeps/x86_64/multiarch/ifunc-evex.h
fn=memchr
37 4
38 3
39 3
42 2
43 2
45 2
51 3
54 4
fl=./string/../sysdeps/x86_64/multiarch/ifunc-memcmp.h
fn=bcmp
34 5
35 2
36 2
37 3
40 2
41 2
44 3
47 4
fl=./string/../sysdeps/x86_64/multiarch/ifunc-memmove.h
fn=memcpy@@GLIBC_2.14
56 2
57 3
60 3
61 2
74 2
77 2
85 2
93 2
96 5
fn=memmove
56 2
57 3
60 3
61 2
74 2
77 2
85 2
93 2
96 5
fn=mempcpy
56 2
57 3
60 3
61 2
74 2
77 2
85 2
93 2
96 5
fl=./string/../sysdeps/x86_64/multiarch/ifunc-memset.h
fn=memset
54 5
57 3
58 2
64 2
73 2
75 2
85 2
93 2
96 5
fl=./string/../sysdeps/x86_64/multiarch/ifunc-sse4_2.h
fn=strcspn
36 5
fn=strpbrk
36 5
fn=strspn
36 5
fl=./string/../sysdeps/x86_64/multiarch/ifunc-strcasecmp.h
fn=strcasecmp
36 4
37 2
38 3
41 2
42 2
45 3
48 5
fn=strcasecmp_l
36 4
37 2
38 3
41 2
42 2
45 3
48 5
fn=strncasecmp
36 4
37 2
38 3
41 2
42 2
45 3
48 5
fn=strncasecmp_l
36 4
37 2
38 3
41 2
42 2
45 3
48 5
fl=./string/../sysdeps/x86_64/multiarch/ifunc-strcpy.h
fn=stpcpy
38 4
39 3
42 2
43 2
46 3
49 3
fn=strcat
38 4
39 3
42 2
43 2
46 3
49 3
fn=strcpy
38 4
39 3
42 2
43 2
46 3
49 3
fl=./string/../sysdeps/x86_64/multiarch/ifunc-strncpy.h
fn=stpncpy
35 5
36 3
39 2
40 2
43 3
46 4
fn=strncpy
35 5
36 3
39 2
40 2
43 3
46 4
fl=./string/../sysdeps/x86_64/multiarch/memchr.c
fn=memchr
29 2
fl=./string/../sysdeps/x86_64/multiarch/memcmp.c
fn=bcmp
29 4
fl=./string/../sysdeps/x86_64/multiarch/memcmpeq.c
fn=memcpy@@GLIBC_2.14
29 1
fl=./string/../sysdeps/x86_64/multiarch/memmove-vec-unaligned-erms.S
fn=__memcpy_avx_unaligned_erms
262 1
263 1
305 1
306 1
308 1
309 1
364 1
365 1
366 1
367 1
368 1
fn=__mempcpy_avx_unaligned_erms
242 1
243 1
244 1
245 1
fn=memcpy
210 26
211 26
217 95
218 95
220 46
221 46
222 46
224 29
225 29
226 29
228 29
308 49
309 49
311 15
315 15
316 15
317 15
318 2
319 2
323 2
325 15
364 34
365 34
366 34
367 34
368 34
375 12
376 12
377 12
378 12
379 12
380 12
381 12
392 17
393 17
395 17
396 17
397 17
399 5
400 5
401 5
402 5
403 5
404 5
405 5
406 5
407 5
408 5
409 5
410 5
411 5
412 5
413 5
fn=mempcpy
197 69
198 69
199 69
200 69
fl=./string/../sysdeps/x86_64/multiarch/memmove.c
fn=memmove
29 1
fl=./string/../sysdeps/x86_64/multiarch/mempcpy.c
fn=mempcpy
33 1
fl=./string/../sysdeps/x86_64/multiarch/memrchr.c
fn=memrchr
29 3
fl=./string/../sysdeps/x86_64/multiarch/memset.c
fn=memset
29 1
fl=./string/../sysdeps/x86_64/multiarch/stpcpy.c
fn=stpcpy
33 3
fl=./string/../sysdeps/x86_64/multiarch/stpncpy.c
fn=stpncpy
31 3
fl=./string/../sysdeps/x86_64/multiarch/strcasecmp.c
fn=strcasecmp
31 3
fl=./string/../sysdeps/x86_64/multiarch/strcasecmp_l.c
fn=strcasecmp_l
31 3
fl=./string/../sysdeps/x86_64/multiarch/strcat.c
fn=strcat
29 3
fl=./string/../sysdeps/x86_64/multiarch/strchr.c
fn=index
42 4
43 2
44 3
47 2
48 2
51 3
54 3
65 3
fl=./string/../sysdeps/x86_64/multiarch/strchrnul.c
fn=strchrnul
31 3
fl=./string/../sysdeps/x86_64/multiarch/strcmp.c
fn=strcmp
47 4
48 2
49 3
52 2
53 2
56 3
59 3
79 3
fl=./string/../sysdeps/x86_64/multiarch/strcpy.c
fn=strcpy
29 3
fl=./string/../sysdeps/x86_64/multiarch/strcspn.c
fn=strcspn
29 2
fl=./string/../sysdeps/x86_64/multiarch/strlen-avx2.S
fn=__strlen_avx2
52 2
65 2
66 2
67 2
70 2
72 2
73 2
76 2
77 2
85 2
86 2
87 1
92 2
118 1
131 1
132 1
133 1
139 2
221 1
236 1
242 1
243 1
244 1
fl=./string/../sysdeps/x86_64/multiarch/strlen.c
fn=strlen
29 3
fl=./string/../sysdeps/x86_64/multiarch/strncase.c
fn=strncasecmp
31 3
fl=./string/../sysdeps/x86_64/multiarch/strncase_l.c
fn=strncasecmp_l
31 3
fl=./string/../sysdeps/x86_64/multiarch/strncmp.c
fn=strncmp
43 4
44 2
45 3
48 2
49 2
52 3
55 5
67 3
fl=./string/../sysdeps/x86_64/multiarch/strncpy.c
fn=strncpy
29 3
fl=./string/../sysdeps/x86_64/multiarch/strnlen.c
fn=strnlen
31 6
fl=./string/../sysdeps/x86_64/multiarch/strpbrk.c
fn=strpbrk
29 2
fl=./string/../sysdeps/x86_64/multiarch/strrchr-avx2.S
fn=__strrchr_avx2
53 1
54 1
55 1
57 1
58 1
62 1
63 1
64 1
67 1
69 1
70 1
71 1
72 1
75 1
76 1
78 1
79 1
80 1
81 1
82 1
91 2
fl=./string/../sysdeps/x86_64/multiarch/strrchr.c
fn=rindex
28 3
fl=./string/../sysdeps/x86_64/multiarch/strspn.c
fn=strspn
29 2
fl=./string/./string/strdup.c
fn=strdup
40 48
41 16
44 16
47 32
48 24
fl=./wcsmbs/../sysdeps/x86_64/multiarch/ifunc-avx2.h
fn=wcschr
38 8
40 6
41 4
42 6
45 4
46 4
49 6
52 12
fn=wcscmp
38 4
40 3
41 2
42 3
45 2
46 2
49 3
52 6
fl=./wcsmbs/../sysdeps/x86_64/multiarch/ifunc-evex.h
fn=wmemchr
37 8
38 6
39 6
42 4
43 4
45 4
51 6
54 8
fl=./wcsmbs/../sysdeps/x86_64/multiarch/ifunc-memcmp.h
fn=wmemcmp
34 5
35 2
36 2
37 3
40 2
41 2
44 3
47 4
fl=./wcsmbs/../sysdeps/x86_64/multiarch/ifunc-wcs.h
fn=wcpncpy
39 4
40 3
41 3
44 2
45 3
48 4
fn=wcscat
39 4
40 3
41 3
44 2
45 3
48 4
fn=wcsncpy
39 4
40 3
41 3
44 2
45 3
48 4
fl=./wcsmbs/../sysdeps/x86_64/multiarch/ifunc-wcslen.h
fn=wcslen
40 4
41 2
42 3
45 2
46 2
49 3
52 3
fn=wcsnlen
40 4
41 2
42 3
45 2
46 2
49 3
52 3
fl=./wcsmbs/../sysdeps/x86_64/multiarch/ifunc-wmemset.h
fn=wmemset
36 10
37 6
fl=./wcsmbs/../sysdeps/x86_64/multiarch/wcpcpy.c
fn=wcpncpy
31 1
fl=./wcsmbs/../sysdeps/x86_64/multiarch/wcpncpy.c
fn=wcpncpy
31 1
fl=./wcsmbs/../sysdeps/x86_64/multiarch/wcscat.c
fn=wcscat
31 2
fn=wcschr
31 2
fl=./wcsmbs/../sysdeps/x86_64/multiarch/wcschr.c
fn=wcschr
31 4
fl=./wcsmbs/../sysdeps/x86_64/multiarch/wcscmp.c
fn=wcscmp
30 3
fl=./wcsmbs/../sysdeps/x86_64/multiarch/wcscpy.c
fn=wcscpy
42 4
43 2
44 3
46 2
47 3
50 3
60 2
fl=./wcsmbs/../sysdeps/x86_64/multiarch/wcslen.c
fn=wcslen
29 3
fl=./wcsmbs/../sysdeps/x86_64/multiarch/wcsncpy.c
fn=wcsncpy
31 2
fl=./wcsmbs/../sysdeps/x86_64/multiarch/wcsnlen.c
fn=wcsnlen
30 3
fl=./wcsmbs/../sysdeps/x86_64/multiarch/wmemchr.c
fn=wmemchr
31 4
fl=./wcsmbs/../sysdeps/x86_64/multiarch/wmemcmp.c
fn=wmemcmp
29 4
fl=./wcsmbs/../sysdeps/x86_64/multiarch/wmemset.c
fn=wmemset
31 4
fl=/home/dennis/Dokumente/Projekte/chip/nonFunc_repo/software_profiling/edgeBare.c
fn=copy_array
18 2
19 304
20 40300
21 266000
24 4
fn=generate_overlay
66 2
70 39904
71 66500
73 106400
74 119700
75 119700
77 79800
78 23128
79 26432
80 26432
83 4
fn=main
87 3
89 3
91 2
93 2
95 2
101 304
102 40300
108 3
110 1
111 2
fn=sobel
26 3
30 9
35 9
44 298
45 38906
47 12838
48 12838
50 166894
51 500682
52 1502046
53 1502046
54 1502046
58 166894
59 27701
61 115542
64 4
fl=???
fn=(below main)
0 12
fn=???
0 13053
summary: 6823998
